# transform file 21to9.lta
# created by will on Mon Mar 30 15:35:13 2020

type      = 1 # LINEAR_RAS_TO_RAS
nxforms   = 1
mean      = 130.0000 113.0000 123.0000
sigma     = 10000.0000
1 4 4
9.982017874717712e-01 5.971017852425575e-02 -5.267889238893986e-03 -2.338714599609375e-01 
-5.961775779724121e-02 9.980891942977905e-01 1.623547449707985e-02 1.073081970214844e+00 
6.227247416973114e-03 -1.589222252368927e-02 9.998543262481689e-01 -3.069328308105469e+00 
0.000000000000000e+00 0.000000000000000e+00 0.000000000000000e+00 1.000000000000000e+00 
src volume info
valid = 1  # volume info valid
filename = ABCD_T1w_MPR_vNav_passive_RMS_21_aseg.mgz
volume = 256 256 256
voxelsize = 1.000000000000000e+00 1.000000000000000e+00 1.000000000000000e+00
xras   = -9.999999403953552e-01 6.286427378654480e-09 7.450580596923828e-09
yras   = 0.000000000000000e+00 0.000000000000000e+00 -1.000000000000000e+00
zras   = 2.211891114711761e-09 9.999999403953552e-01 -1.862645149230957e-09
cras   = -7.817886352539062e+00 9.768486022949219e+00 -3.237579345703125e+00
dst volume info
valid = 1  # volume info valid
filename = ABCD_T1w_MPR_vNav_passive_RMS_9_aseg.mgz
volume = 256 256 256
voxelsize = 1.000000000000000e+00 1.000000000000000e+00 1.000000000000000e+00
xras   = -9.999999403953552e-01 6.286427378654480e-09 7.450580596923828e-09
yras   = 0.000000000000000e+00 0.000000000000000e+00 -1.000000000000000e+00
zras   = 2.211891114711761e-09 9.999999403953552e-01 -1.862645149230957e-09
cras   = -7.817886352539062e+00 9.768486022949219e+00 -3.237579345703125e+00
